Pedestrian -1.00 -1 3.26 0.00 832.71 0.00 1036.83 1.80 0.68 1.20 -12.63 3.60 19.84 2.69 -1.00
Pedestrian -1.00 -1 0.48 0.00 775.12 0.00 909.51 1.80 0.68 1.21 -17.05 3.56 28.81 -0.06 -1.00
Pedestrian -1.00 -1 0.27 0.00 784.85 116.45 932.16 1.80 0.65 1.29 -11.56 3.55 26.47 -0.14 -1.00
Pedestrian -1.00 -1 -0.74 135.98 735.55 204.53 832.42 1.80 0.89 0.87 -15.31 3.47 40.10 -1.10 -1.00
Car -1.00 -1 -1.93 1919.00 787.52 1919.00 931.92 1.50 1.56 3.27 19.78 3.39 26.69 -1.29 -1.00
Car -1.00 -1 -1.91 0.00 768.04 0.00 882.98 1.50 1.76 4.66 -19.61 3.54 33.69 -2.43 -1.00
Car -1.00 -1 -2.49 0.00 773.35 0.00 879.04 1.50 1.75 4.57 -19.33 3.54 33.21 -3.02 -1.00
Car -1.00 -1 -1.08 1494.86 752.07 1695.53 855.51 1.50 1.61 4.09 11.07 3.37 36.01 -0.79 -1.00
Cyclist -1.00 -1 1.12 0.00 810.96 0.00 924.56 1.40 0.53 1.08 -17.47 3.57 27.47 0.55 -1.00
Pedestrian -1.00 -1 -1.91 1305.92 720.39 1338.02 805.29 1.80 0.52 0.58 7.80 3.33 44.77 -1.73 -1.00
Car -1.00 -1 0.34 0.00 792.17 0.00 908.34 1.50 1.11 1.97 -17.47 3.56 29.30 -0.20 -1.00
Car -1.00 -1 -1.71 1360.73 747.21 1484.72 843.61 1.50 1.72 3.72 8.42 3.37 38.01 -1.49 -1.00
Pedestrian -1.00 -1 -1.85 1285.07 720.45 1319.16 805.22 1.80 0.60 0.56 7.38 3.33 44.80 -1.69 -1.00
Cyclist -1.00 -1 1.20 0.00 808.29 0.00 919.94 1.40 0.60 0.89 -17.44 3.57 27.90 0.65 -1.00
Pedestrian -1.00 -1 0.55 0.00 787.60 78.86 936.82 1.80 0.62 1.13 -11.79 3.55 26.04 0.12 -1.00
Cyclist -1.00 -1 3.54 0.00 873.27 0.00 1032.59 1.40 0.71 1.32 -12.78 3.60 19.94 2.97 -1.00
