Pedestrian -1.00 -1 -2.19 400.51 766.25 469.40 896.66 1.80 0.68 0.71 -7.61 3.50 29.94 -2.44 -1.00
Pedestrian -1.00 -1 -0.15 361.51 782.90 462.29 931.67 1.80 0.57 1.17 -7.01 3.52 26.43 -0.41 -1.00
Car -1.00 -1 -1.11 0.00 731.66 12.36 804.69 1.50 1.48 3.51 -23.64 3.46 48.20 -1.56 -1.00
Pedestrian -1.00 -1 0.20 393.64 782.74 445.66 928.84 1.80 0.72 0.51 -6.94 3.52 26.57 -0.06 -1.00
Cyclist -1.00 -1 1.55 517.68 799.40 560.34 909.76 1.40 0.56 1.16 -5.83 3.50 28.59 1.35 -1.00
Car -1.00 -1 -1.84 1603.06 803.28 1814.16 960.66 1.50 1.56 3.30 8.85 3.46 24.76 -1.49 -1.00
Car -1.00 -1 -1.58 420.04 780.80 539.17 909.20 1.50 1.58 3.47 -6.97 3.50 29.88 -1.81 -1.00
Car -1.00 -1 0.33 873.28 797.71 1198.17 940.32 1.50 1.76 3.77 0.96 3.48 26.38 0.37 -1.00
Pedestrian -1.00 -1 0.16 0.00 792.15 0.00 944.48 1.80 0.53 0.93 -20.46 3.60 25.78 -0.51 -1.00
Cyclist -1.00 -1 -0.23 340.28 809.42 430.48 924.24 1.40 0.57 1.04 -7.54 3.52 27.12 -0.50 -1.00
