Cyclist -1.00 -1 2.78 0.00 840.46 34.51 983.66 1.40 0.51 1.52 -11.12 3.57 22.89 2.33 -1.00
Car -1.00 -1 3.81 0.00 937.77 0.00 1216.29 1.50 1.71 4.32 -13.75 3.64 14.36 3.05 -1.00
Car -1.00 -1 -1.37 1106.15 725.16 1219.58 801.04 1.50 1.76 4.42 4.73 3.32 47.99 -1.27 -1.00
Pedestrian -1.00 -1 -1.85 1233.06 718.52 1276.85 801.69 1.80 0.79 0.72 6.51 3.33 45.90 -1.71 -1.00
Cyclist -1.00 -1 -0.35 288.03 791.80 384.15 895.21 1.40 0.59 1.22 -9.13 3.51 30.27 -0.64 -1.00
Pedestrian -1.00 -1 -1.73 1267.20 718.18 1302.62 800.61 1.80 0.69 0.64 7.20 3.32 46.07 -1.57 -1.00
Pedestrian -1.00 -1 2.05 620.56 779.88 692.25 927.75 1.80 0.52 0.99 -3.93 3.51 26.72 1.90 -1.00
Cyclist -1.00 -1 3.36 0.00 840.45 48.46 977.01 1.40 0.65 1.56 -11.09 3.57 23.11 2.91 -1.00
Pedestrian -1.00 -1 2.64 0.00 777.95 0.00 921.10 1.80 0.65 1.07 -13.95 3.55 27.78 2.17 -1.00
Pedestrian -1.00 -1 -1.88 1289.55 721.66 1320.57 807.97 1.80 0.48 0.65 7.33 3.33 44.13 -1.71 -1.00
Car -1.00 -1 0.52 0.00 898.51 0.00 1151.67 1.50 1.66 3.90 -19.32 3.65 16.53 -0.34 -1.00
Car -1.00 -1 -2.22 0.00 773.07 0.00 887.00 1.50 1.92 4.71 -19.98 3.55 32.79 -2.77 -1.00
Pedestrian -1.00 -1 1.94 391.49 771.43 458.20 908.56 1.80 0.56 1.05 -7.43 3.51 28.70 1.68 -1.00
Pedestrian -1.00 -1 0.08 278.14 766.29 360.51 894.30 1.80 0.52 1.11 -9.34 3.51 30.17 -0.22 -1.00
Cyclist -1.00 -1 1.90 393.38 799.08 466.66 908.62 1.40 0.63 1.19 -7.37 3.51 28.76 1.65 -1.00
