Cyclist -1.00 -1 2.56 0.00 840.56 22.88 984.97 1.40 0.58 1.43 -11.18 3.57 22.85 2.10 -1.00
Car -1.00 -1 0.78 0.00 903.36 0.00 1133.47 1.50 1.66 3.79 -19.20 3.65 16.63 -0.08 -1.00
Cyclist -1.00 -1 3.17 571.11 810.02 680.18 924.28 1.40 0.63 1.38 -4.35 3.51 26.92 3.01 -1.00
Car -1.00 -1 1.73 236.66 752.32 384.77 854.95 1.50 1.85 4.69 -11.72 3.47 37.60 1.42 -1.00
Cyclist -1.00 -1 0.59 207.52 812.82 336.96 928.88 1.40 0.52 1.56 -8.88 3.53 26.71 0.27 -1.00
Pedestrian -1.00 -1 2.09 382.20 771.10 453.15 907.38 1.80 0.56 0.94 -7.55 3.51 28.81 1.84 -1.00
Pedestrian -1.00 -1 -2.26 1919.00 980.65 1919.00 1279.00 1.80 0.77 0.81 12.95 3.53 10.37 -1.37 -1.00
Car -1.00 -1 -1.02 0.00 888.62 0.00 1169.07 1.50 1.69 3.79 -19.53 3.65 16.65 -1.89 -1.00
Car -1.00 -1 -2.26 0.00 773.27 0.00 882.98 1.50 1.59 4.05 -19.35 3.54 32.97 -2.79 -1.00
Car -1.00 -1 -1.81 1229.56 725.74 1325.71 798.72 1.50 1.44 3.36 7.28 3.31 47.89 -1.66 -1.00
Pedestrian -1.00 -1 2.73 590.89 780.07 673.48 926.77 1.80 0.60 0.89 -4.25 3.51 26.77 2.57 -1.00
Pedestrian -1.00 -1 1.53 0.00 778.50 0.00 921.54 1.80 0.60 1.02 -14.08 3.55 27.71 1.06 -1.00
Cyclist -1.00 -1 0.78 222.60 809.70 344.16 926.66 1.40 0.61 1.52 -8.86 3.53 27.06 0.46 -1.00
Pedestrian -1.00 -1 2.32 0.00 785.19 0.00 933.36 1.80 0.59 1.02 -17.61 3.58 26.71 1.74 -1.00
