Car -1.00 -1 -0.92 0.00 778.07 0.00 904.10 1.50 1.78 4.42 -23.07 3.57 31.37 -1.55 -1.00
Cyclist -1.00 -1 3.27 21.72 819.03 140.92 938.22 1.40 0.51 1.32 -11.01 3.55 25.94 2.87 -1.00
Pedestrian -1.00 -1 3.36 0.00 821.66 0.00 1010.13 1.80 0.61 1.24 -12.08 3.59 21.11 2.84 -1.00
Car -1.00 -1 -1.10 0.00 750.21 0.00 842.09 1.50 1.58 3.75 -23.78 3.52 39.92 -1.64 -1.00
Car -1.00 -1 -1.13 0.00 731.74 10.86 804.77 1.50 1.50 3.48 -23.64 3.46 48.17 -1.58 -1.00
Pedestrian -1.00 -1 -2.26 0.00 770.43 87.10 903.90 1.80 0.69 0.96 -13.03 3.54 29.39 -2.68 -1.00
Cyclist -1.00 -1 2.74 89.23 810.46 219.07 930.00 1.40 0.62 1.44 -10.48 3.54 26.93 2.37 -1.00
Pedestrian -1.00 -1 1.77 118.34 781.62 179.67 928.94 1.80 0.54 1.05 -10.53 3.54 26.87 1.40 -1.00
Pedestrian -1.00 -1 1.70 272.81 771.35 322.98 908.32 1.80 0.53 1.09 -9.23 3.52 28.83 1.39 -1.00
Pedestrian -1.00 -1 0.64 0.00 788.03 0.00 932.63 1.80 0.55 0.87 -19.57 3.59 26.59 0.01 -1.00
Cyclist -1.00 -1 1.25 259.04 798.98 329.91 908.27 1.40 0.63 1.11 -9.30 3.52 28.89 0.94 -1.00
Pedestrian -1.00 -1 3.50 0.00 779.40 0.00 917.28 1.80 0.55 0.87 -19.21 3.58 28.10 2.90 -1.00
Pedestrian -1.00 -1 -2.74 160.99 765.42 256.60 891.59 1.80 0.65 1.16 -11.09 3.52 30.54 -3.09 -1.00
Cyclist -1.00 -1 3.43 73.59 814.52 182.17 929.51 1.40 0.63 1.16 -10.71 3.54 26.64 3.05 -1.00
