Cyclist -1.00 -1 0.60 81.19 813.10 199.71 928.52 1.40 0.60 1.31 -10.61 3.54 26.79 0.22 -1.00
Cyclist -1.00 -1 2.28 5.74 816.35 134.10 942.87 1.40 0.59 1.57 -11.15 3.55 25.96 1.88 -1.00
Pedestrian -1.00 -1 3.70 0.00 780.02 0.00 917.51 1.80 0.59 1.08 -19.16 3.58 28.02 3.10 -1.00
Car -1.00 -1 1.76 237.95 752.61 388.96 854.08 1.50 1.81 4.47 -11.68 3.47 37.62 1.46 -1.00
Pedestrian -1.00 -1 3.70 0.00 788.27 0.00 933.03 1.80 0.49 0.80 -19.65 3.59 26.55 3.06 -1.00
Cyclist -1.00 -1 3.15 0.00 859.44 0.00 1013.23 1.40 0.61 1.34 -12.15 3.59 21.06 2.63 -1.00
Cyclist -1.00 -1 -2.16 24.44 815.49 153.93 939.41 1.40 0.62 1.79 -11.02 3.55 26.16 -2.56 -1.00
Car -1.00 -1 -0.92 0.00 776.41 0.00 903.84 1.50 1.81 4.81 -23.06 3.57 31.59 -1.55 -1.00
Cyclist -1.00 -1 -0.30 46.99 812.33 204.07 934.21 1.40 0.53 1.80 -10.72 3.54 26.61 -0.68 -1.00
Cyclist -1.00 -1 1.28 0.00 810.33 0.00 926.28 1.40 0.57 1.24 -16.13 3.56 27.37 0.75 -1.00
Car -1.00 -1 -1.02 1369.26 725.82 1534.31 801.67 1.50 1.80 4.04 11.20 3.29 47.12 -0.78 -1.00
Cyclist -1.00 -1 0.45 106.34 812.11 201.00 924.15 1.40 0.53 1.02 -10.55 3.54 27.06 0.08 -1.00
Cyclist -1.00 -1 3.38 0.00 819.50 134.27 939.85 1.40 0.62 1.82 -11.35 3.55 25.85 2.97 -1.00
